Wavelength	 Refractive Index	
350.0	 1.808106300425169	
351.0	 1.8062003642757756	
352.0	 1.80556571384281	
353.0	 1.805046963643534	
354.0	 1.804947238199465	
355.0	 1.8033474888634866	
356.0	 1.8021533325035588	
357.0	 1.8012302538276486	
358.0	 1.801460557514916	
359.0	 1.8004482620772542	
360.0	 1.799429540905178	
361.0	 1.798126129628882	
362.0	 1.797830287516758	
363.0	 1.798049888832034	
364.0	 1.7977737387571546	
365.0	 1.796369098128542	
366.0	 1.7952094230226863	
367.0	 1.7937412806482265	
368.0	 1.7932900451896048	
369.0	 1.7924575980275828	
370.0	 1.79025341174583	
371.0	 1.7897596796912159	
372.0	 1.7895244808393882	
373.0	 1.7876469772969805	
374.0	 1.7889826309434131	
375.0	 1.7885905915729385	
376.0	 1.789101962341266	
377.0	 1.7868423800004916	
378.0	 1.7852580530491997	
379.0	 1.7848770809724095	
380.0	 1.784062070728988	
381.0	 1.7839259018125204	
382.0	 1.7828606436589303	
383.0	 1.782557058760296	
384.0	 1.7814947451286427	
385.0	 1.781207600023943	
386.0	 1.7806926799256977	
387.0	 1.7800150573194689	
388.0	 1.7792843103461098	
389.0	 1.7789017111920444	
390.0	 1.779054134556569	
391.0	 1.7782564937591079	
392.0	 1.777304526650238	
393.0	 1.776260785515596	
394.0	 1.776070025287379	
395.0	 1.7758312886843206	
396.0	 1.7753181439888548	
397.0	 1.7745519431010868	
398.0	 1.7741060905607484	
399.0	 1.7729172445372925	
400.0	 1.7726670392155475	
401.0	 1.772544621359184	
402.0	 1.7724486159408688	
403.0	 1.771896822663923	
404.0	 1.7709605567467173	
405.0	 1.7708429928445473	
406.0	 1.7702684463281466	
407.0	 1.76976753170917	
408.0	 1.7696126022518126	
409.0	 1.7692154898681693	
410.0	 1.7684188845046642	
411.0	 1.7677628462342911	
412.0	 1.767311648854713	
413.0	 1.7671306050251736	
414.0	 1.7673061251154278	
415.0	 1.766594405149455	
416.0	 1.7659367919913278	
417.0	 1.7653960991453292	
418.0	 1.7646415902841535	
419.0	 1.7645517067249445	
420.0	 1.7643093368705756	
421.0	 1.763904713040009	
422.0	 1.7629529839697302	
423.0	 1.7629502194173066	
424.0	 1.762617978333248	
425.0	 1.762447666623568	
426.0	 1.762257164106459	
427.0	 1.7611219971087966	
428.0	 1.76071708235882	
429.0	 1.7605038233005865	
430.0	 1.759873735659609	
431.0	 1.759993453070611	
432.0	 1.7596565622376306	
433.0	 1.7591385530363868	
434.0	 1.7590062221934553	
435.0	 1.7584956073217548	
436.0	 1.7580871966261815	
437.0	 1.75771161568568	
438.0	 1.7577027585437204	
439.0	 1.7567800640686584	
440.0	 1.7567237949462209	
441.0	 1.7562717465012703	
442.0	 1.755795490042714	
443.0	 1.755509295253731	
444.0	 1.7551656837846776	
445.0	 1.7548624130272146	
446.0	 1.7548352006835943	
447.0	 1.7542934102341003	
448.0	 1.7539195731328798	
449.0	 1.7537424771957606	
450.0	 1.7533447633739436	
451.0	 1.7531035678460838	
452.0	 1.7529490208677674	
453.0	 1.7526063787060622	
454.0	 1.7522432693338938	
455.0	 1.7517513828216997	
456.0	 1.751574749595338	
457.0	 1.7511901358195345	
458.0	 1.7508127639017814	
459.0	 1.7506069795061345	
460.0	 1.750307537656076	
461.0	 1.7499573988430264	
462.0	 1.7498351101408585	
463.0	 1.7496979816450617	
464.0	 1.7493503563876467	
465.0	 1.7489904285734788	
466.0	 1.748799531288772	
467.0	 1.7484432306150444	
468.0	 1.7481843418501632	
469.0	 1.7480898118044563	
470.0	 1.747805098768246	
471.0	 1.7474484337970941	
472.0	 1.7471548657613747	
473.0	 1.7471600685909066	
474.0	 1.747015774247759	
475.0	 1.7465371381046242	
476.0	 1.7462121410985738	
477.0	 1.7462851358686957	
478.0	 1.7459905813863763	
479.0	 1.7455682449999232	
480.0	 1.745458247058944	
481.0	 1.7449740121265824	
482.0	 1.7446026586403356	
483.0	 1.7444915929594211	
484.0	 1.7442300905152484	
485.0	 1.7439856497252488	
486.0	 1.7436569743852641	
487.0	 1.7433913204463956	
488.0	 1.7431718960653535	
489.0	 1.7428782928213604	
490.0	 1.7425071605195752	
491.0	 1.7421882255973546	
492.0	 1.7420027703159806	
493.0	 1.7416917832125773	
494.0	 1.7414985239929435	
495.0	 1.7414318327678728	
496.0	 1.7412107710574034	
497.0	 1.7410832137589833	
498.0	 1.7410233243172952	
499.0	 1.7409555133556527	
500.0	 1.7405525141710625	
501.0	 1.7403156980443273	
502.0	 1.7401977710446324	
503.0	 1.7397487541324492	
504.0	 1.739598769143133	
505.0	 1.739539690986416	
506.0	 1.7393721126481547	
507.0	 1.7392068209167766	
508.0	 1.7389628324574937	
509.0	 1.7388279718473678	
510.0	 1.7385338343032475	
511.0	 1.7383274866980154	
512.0	 1.7382212495362084	
513.0	 1.737914619341482	
514.0	 1.7375533762803286	
515.0	 1.7373122041897961	
516.0	 1.7373398131786402	
517.0	 1.7372651919493112	
518.0	 1.7370888909245192	
519.0	 1.7369767077900786	
520.0	 1.736784743915649	
521.0	 1.7364946932865408	
522.0	 1.7362033684981653	
523.0	 1.7360690371889795	
524.0	 1.7359404754026106	
525.0	 1.7357643220178127	
526.0	 1.7355129484405025	
527.0	 1.7354012060564181	
528.0	 1.735376922874074	
529.0	 1.7351837651642208	
530.0	 1.7348377127415135	
531.0	 1.7345317852716338	
532.0	 1.7344344901415896	
533.0	 1.734376515530201	
534.0	 1.7341820539768378	
535.0	 1.7339628029182546	
536.0	 1.733715486347588	
537.0	 1.7335420835944073	
538.0	 1.733375843340116	
539.0	 1.7330185550682933	
540.0	 1.733045568697872	
541.0	 1.7330970889972972	
542.0	 1.732824162593007	
543.0	 1.7326221007007574	
544.0	 1.7324735761695709	
545.0	 1.732382007472513	
546.0	 1.7321123716386009	
547.0	 1.7319591607855025	
548.0	 1.731928169642498	
549.0	 1.7317766923768654	
550.0	 1.7316151794865915	
551.0	 1.7313925044772789	
552.0	 1.731317626400433	
553.0	 1.7312621808233977	
554.0	 1.7310254829925424	
555.0	 1.7308260404636604	
556.0	 1.730683923279316	
557.0	 1.7305447267505818	
558.0	 1.73032045466569	
559.0	 1.7301875849786583	
560.0	 1.7300591002539316	
561.0	 1.7298698488822946	
562.0	 1.7297499939468741	
563.0	 1.7294167488671193	
564.0	 1.7291221551507971	
565.0	 1.729137070088603	
566.0	 1.7289184974235352	
567.0	 1.7288071848451276	
568.0	 1.7287952657648038	
569.0	 1.7286523034887398	
570.0	 1.7284159260239425	
571.0	 1.728319028461226	
572.0	 1.728322235183019	
573.0	 1.728111770591791	
574.0	 1.7277672907783768	
575.0	 1.7277431669074887	
576.0	 1.7277854881565105	
577.0	 1.7276763025170436	
578.0	 1.727494807271109	
579.0	 1.7274004652157393	
580.0	 1.72729963574643	
581.0	 1.7269105862970253	
582.0	 1.7267729899086193	
583.0	 1.7268921055838782	
584.0	 1.726904867741226	
585.0	 1.7263995076019798	
586.0	 1.726246267579703	
587.0	 1.7264010420574554	
588.0	 1.726156566493435	
589.0	 1.7259397680483661	
590.0	 1.7258989599343848	
591.0	 1.725766557104883	
592.0	 1.7256868200729993	
593.0	 1.7256252197394486	
594.0	 1.7253495052385586	
595.0	 1.7252071747087205	
596.0	 1.7251052374722737	
597.0	 1.7250321841601053	
598.0	 1.7247576104388807	
599.0	 1.7245994157346562	
600.0	 1.7246934122793054	
601.0	 1.7245687808388703	
602.0	 1.7245879015093148	
603.0	 1.7244715010997218	
604.0	 1.724106015513902	
605.0	 1.724049482995289	
606.0	 1.7239054257257334	
607.0	 1.7237989843270145	
608.0	 1.7236844428569609	
609.0	 1.7235521676628411	
610.0	 1.7235114021792772	
611.0	 1.7233517561510487	
612.0	 1.7231452597658552	
613.0	 1.723133880474257	
614.0	 1.723152101283659	
615.0	 1.7229273714353386	
616.0	 1.722671277968714	
617.0	 1.7227581339841922	
618.0	 1.7226997647412194	
619.0	 1.7224618791949193	
620.0	 1.7222609173526486	
621.0	 1.7222441583794341	
622.0	 1.722300649767796	
623.0	 1.7222367564741543	
624.0	 1.722013085942149	
625.0	 1.7218498806256084	
626.0	 1.721928725726395	
627.0	 1.7217643292531117	
628.0	 1.7215639563343188	
629.0	 1.7215708009082409	
630.0	 1.7215802296367002	
631.0	 1.7214009397812056	
632.0	 1.721166459301172	
633.0	 1.7210271745509336	
634.0	 1.7209937146574863	
635.0	 1.7211518605062914	
636.0	 1.7209677288805296	
637.0	 1.720903322445357	
638.0	 1.7208438746773729	
639.0	 1.7205392851359678	
640.0	 1.7204915683651223	
641.0	 1.7203030703091091	
642.0	 1.720137829234826	
643.0	 1.720016810526043	
644.0	 1.7198988621676714	
645.0	 1.719936664770545	
646.0	 1.72001932596882	
647.0	 1.7198967658927262	
648.0	 1.7197072574733656	
649.0	 1.7197312959821123	
650.0	 1.7196691029858175	
651.0	 1.7195239583862072	
652.0	 1.7193249949519265	
653.0	 1.7193526003189694	
654.0	 1.719303190047114	
655.0	 1.7193207318214256	
656.0	 1.7192673374589211	
657.0	 1.7192007331317751	
658.0	 1.7190678701214734	
659.0	 1.7191178428600586	
660.0	 1.718842599455706	
661.0	 1.718629756638593	
662.0	 1.7186837199919238	
663.0	 1.718718250506654	
664.0	 1.7185286779432978	
665.0	 1.7183676170073228	
666.0	 1.7182930259239677	
667.0	 1.7184004729277067	
668.0	 1.7183942512948382	
669.0	 1.718020164068627	
670.0	 1.7180948309399091	
671.0	 1.7181582405851927	
672.0	 1.7179416502546383	
673.0	 1.7178446765917228	
674.0	 1.7177575587862317	
675.0	 1.717760775050035	
676.0	 1.7175579346572563	
677.0	 1.7175080792632595	
678.0	 1.7174180860101653	
679.0	 1.7173001192694626	
680.0	 1.7172529873820086	
681.0	 1.7170359206587413	
682.0	 1.717171938618139	
683.0	 1.7169215774937292	
684.0	 1.7168449269819568	
685.0	 1.7170519353894669	
686.0	 1.716785130005838	
687.0	 1.7166072715552865	
688.0	 1.7164596903142832	
689.0	 1.7165985987080645	
690.0	 1.7166330801400187	
691.0	 1.7168494029697163	
692.0	 1.716514456988341	
693.0	 1.7163847781633066	
694.0	 1.7162820948034998	
695.0	 1.716455913268697	
696.0	 1.716457801793056	
697.0	 1.7163547009323539	
698.0	 1.7162642578030034	
699.0	 1.7161943078815007	
700.0	 1.7160497168747992	
701.0	 1.716090709426978	
702.0	 1.7156832104222357	
703.0	 1.7156944741326587	
704.0	 1.7157326725422561	
705.0	 1.7155454542764204	
706.0	 1.7155055046552352	
707.0	 1.7155903008399829	
708.0	 1.7153398241829827	
709.0	 1.7153275797390715	
710.0	 1.715438897592086	
711.0	 1.715219476904678	
712.0	 1.7153026009392918	
713.0	 1.7152685259271332	
714.0	 1.7153135860345976	
715.0	 1.7150500739074324	
716.0	 1.7147777939472584	
717.0	 1.714917400501665	
718.0	 1.7148282489038302	
719.0	 1.714433126655903	
720.0	 1.7148903193710057	
721.0	 1.7147527411388008	
722.0	 1.7144504833267264	
723.0	 1.7142767026559405	
724.0	 1.7145964018277058	
725.0	 1.7143964533972182	
726.0	 1.7144668601015332	
727.0	 1.7143548105749404	
728.0	 1.7143371734566526	
729.0	 1.7140764554041081	
730.0	 1.7140240993955411	
731.0	 1.7138912459111852	
732.0	 1.7140943738443313	
733.0	 1.7139274346604425	
734.0	 1.7140936739093797	
735.0	 1.7137836573669523	
736.0	 1.713832377124956	
737.0	 1.7135866711588235	
738.0	 1.7134256575607965	
739.0	 1.7133256852560754	
740.0	 1.7132247998393	
741.0	 1.7132537845773768	
742.0	 1.7132721974564677	
743.0	 1.713137143995116	
744.0	 1.7131981252585409	
745.0	 1.7133912136548153	
746.0	 1.7135219866186446	
747.0	 1.7136092824533995	
748.0	 1.713276188069875	
749.0	 1.7129105024658795	
750.0	 1.7128326412460113	
751.0	 1.7130731509875174	
752.0	 1.7130718207052025	
753.0	 1.7127847472990643	
754.0	 1.7125929546229801	
755.0	 1.7126549260649866	
756.0	 1.7123564722826923	
757.0	 1.7123328021253759	
758.0	 1.7125890332232283	
759.0	 1.7125232091167968	
760.0	 1.7122773376683873	
761.0	 1.7122239732729043	
762.0	 1.7123391048455814	
763.0	 1.7122792285135837	
764.0	 1.7117994790025248	
765.0	 1.7120004218565592	
766.0	 1.7119065706453354	
767.0	 1.7119421503646703	
768.0	 1.711782739049441	
769.0	 1.7118767338115064	
770.0	 1.7120427240806457	
771.0	 1.7118683290221868	
772.0	 1.71165357949765	
773.0	 1.7116086106339692	
774.0	 1.711861325014372	
775.0	 1.7117512901370222	
776.0	 1.711195667305701	
777.0	 1.7114588501407513	
778.0	 1.711591169272996	
779.0	 1.711413108120351	
780.0	 1.7116158953423182	
781.0	 1.711050231840706	
782.0	 1.711238750279335	
783.0	 1.7111214091397495	
784.0	 1.7110913551294646	
785.0	 1.7112136010991663	
786.0	 1.7115426972276224	
787.0	 1.7115378639958039	
788.0	 1.7112764386847867	
789.0	 1.7108432766211135	
790.0	 1.7108869947028367	
791.0	 1.7110639630086872	
792.0	 1.7108043922690075	
793.0	 1.710934845730168	
794.0	 1.7108762754189213	
795.0	 1.710565821549767	
796.0	 1.7101402754295225	
797.0	 1.710708055190524	
798.0	 1.7103347314779433	
799.0	 1.7100441293491382	
800.0	 1.7100419569212653	
801.0	 1.7102340361911095	
802.0	 1.7101350197033462	
803.0	 1.710406694840553	
804.0	 1.7101737717402063	
805.0	 1.710382870722142	
806.0	 1.7101168698622262	
807.0	 1.710122546064941	
808.0	 1.7097062645078691	
809.0	 1.7104693374412823	
810.0	 1.71012058393462	
811.0	 1.7099074737876998	
812.0	 1.7099606650059687	
813.0	 1.7099059320051182	
814.0	 1.710158705439964	
815.0	 1.7098853981299071	
816.0	 1.7097761389751505	
817.0	 1.7094957210509376	
818.0	 1.7098706809431643	
819.0	 1.7092160503999951	
820.0	 1.7094482698093623	
821.0	 1.7092885287146788	
822.0	 1.7094644607801386	
823.0	 1.7093756548181125	
824.0	 1.7096963123473992	
825.0	 1.7092595796368693	
826.0	 1.7093052111167981	
827.0	 1.7091931990600593	
828.0	 1.7092766126594692	
829.0	 1.7095559978280335	
830.0	 1.7093262392469057	
831.0	 1.7093368233465993	
832.0	 1.7087456035596227	
833.0	 1.7091910260711223	
834.0	 1.7093683651840141	
835.0	 1.7090802018219338	
836.0	 1.7091888530831454	
837.0	 1.7093064728127367	
838.0	 1.7090884033548666	
839.0	 1.70863048772998	
840.0	 1.7091819135277575	
841.0	 1.7087589236381153	
842.0	 1.7085786772822864	
843.0	 1.708844731736205	
844.0	 1.708548039337888	
845.0	 1.7091125171730646	
846.0	 1.7088518122076064	
847.0	 1.708710900961294	
848.0	 1.7084021370674818	
849.0	 1.708808558004926	
850.0	 1.7083527770302749	
851.0	 1.7088340058339293	
852.0	 1.7084364222191961	
853.0	 1.7085581351556733	
854.0	 1.7083698147293207	
855.0	 1.7083016633550898	
856.0	 1.708691271056524	
857.0	 1.708100005547591	
858.0	 1.7082003451706214	
859.0	 1.708264291681796	
860.0	 1.7081535764881988	
861.0	 1.708210792656867	
862.0	 1.7080277815446658	
863.0	 1.7081570122897274	
864.0	 1.7083796306537316	
865.0	 1.708079951268649	
866.0	 1.7078894295910416	
867.0	 1.7079883030972025	
868.0	 1.7081664782573966	
869.0	 1.7079556962102866	
870.0	 1.707956046817677	
871.0	 1.7076935671041358	
872.0	 1.7075824819981054	
873.0	 1.7079582206233974	
874.0	 1.7082887621119514	
875.0	 1.7077463732965446	
876.0	 1.707956257183256	
877.0	 1.7078826976695833	
878.0	 1.7077845222449866	
879.0	 1.7078063314682705	
880.0	 1.7079544339971149	
